.2537697489297597
1.9926908075111172
2.620138253750481
.8379950224330638
1.48478050381414
.41079259823909686
3.131899868238865
3.00661146747328
1.529910718071507
1.3651257672953117
.9949500531321895
.7521804714832988
-.15853034224152274
.25241079864781013
1.2753846558356225
-.2985759384074391
.7095016643051765
-.794516244975798
-1.0538430807772559
-2.3193525913950324
1.7316507369192147
.8941104110399413
-.21388224662181968
-.3197569371754024
1.1294448565943256
-1.8474399674194757
.5516240899766869
-1.9691408083260833
-.47704567518712176
-.5687185453864781
.294423966469435
.009967913547160145
-.30969483743611087
.1641061188442356
-1.0752699188628283
.8457040348459988
-.5661888141365403
-.8764380081778697
.07739759385877182
-1.347542204854487
-1.3155615574433568
-1.1542988882536862
-.4363639327944252
.7787353816132925
-1.1845900364199233
-1.6216400591036129
-.7229618213565132
-1.0172528698764383
-.8649415505888886
-1.7187848489306374
-1.2840354671118483
-.8724752368530948
-1.8728456359687655
-1.3762619297038166
-1.7165412595969967
-.16860956354128642
.9869337080908083
.3411673249047794
-.38546693891760153
-.31472032089449287
1.8839308197862965
.8899728450456713
.5565146521773929
1.5330316254752652
.2045559320078979
-.16183292029969557
-.5154060573951625
-.1975542304861252
-.5474566452845586
.9372593429625616
-1.0861993692955494
.5818487364896523
-.7016901486451367
-1.1451880894806696
.5024799988435814
.7873464947186666
.150970014230833
-1.0383883047723794
-.01328664188006623
-.1540215162649401
-.5066692615682895
.7735419918609256
1.1790587419194654
-.6367076116046877
-.12206021422816649
.25289693578776473
.08295207751970174
.7375535793171241
-.13580481674293193
.32996075366623867
-1.7256912738051888
-.5731499395179603
.5213887794722847
-2.200373157751923
-.16667905575464848
-1.652296700247758
-1.0703365886285265
-.5146937109859011
-1.2145130892876426
-1.5079330113417186
-.5275054230239125
-.3316003487993938
2.394440690530139
.8726256934201502
-.5364417006930987
1.2126469448865829
.3732723901315761
1.4636961054852227
1.7661685297042717
1.9161023517870146
1.0326095834593336
.34984776547597696
-1.1649283154882262
.6762046627731433
.6905077354599463
-.854618364669449
-.3289444413762428
-1.387998085543781
-.2386313622625103
-.09174321866152124
-1.2056284028471589
1.1686673479835303
-.43268488440211894
.12000048160724455
1.6787341410785037
1.3574191992242672
-.13763853880780458
1.146462148605628
2.7852198809988487
1.4721870412948963
2.652519512708873
.9800514664583869
1.6301284073291693
.9084872546251153
1.778364959387341
1.3185880951866715
-.577450624079064
-.1884507180336103
-.8713634678232851
-1.329060418350926
.05455387693385366
1.2558126578626119
-.3516750315350609
.73260097975525
.9268286674952124
.6761778874372097
1.0306734249684795
.5618338232744475
1.0935931903755787
3.1318027653273166
-.1873974787975765
1.0120196710080753
1.388716737370086
.38204461984287263
.2543300510732186
1.5176509194503307
-.44699288484100497
-.09666769584555968
1.1078824894417592
-.8129492353440749
.538385027184216
.14948789982576988
.7428018601498316
.6603474523253419
1.1798192822715396
.9052608939254415
1.3930777772775984
-1.6063275665393766
-.3296693214938414
.027479848824279562
.5166977865269717
1.3878749977485678
.6165170397637691
1.4509082189469975
.6829595788192926
-.17842451157145678
.3946406760201594
.7052806063172813
-.28105702587989445
-.5770512478448467
.2594117072463856
1.6008288509975896
.6534035869495269
-.7978447217703115
-1.2770836805949426
-.06674974893724084
.35423260879023943
.6330124155627279
-1.7809920637463141
-.6637081389670809
.57541612211229
-1.977147834514244
-1.009854405097024
-.00916500259546188
-.7619822388954614
-1.0082656840480926
-.3903290405326768
-.8143933256848969
2.0054842375271025
-.6390005364285497
-.15104713522951818
.9716789689319755
-.7948871059080257
.4581079281775383
1.115704495500072
-.9416601164019492
1.3718177516350982
.9731616269688066
-.9546623532239206
-.08203012698393916
-.05939385538741537
-.2343395337208367
-.5948743255974092
.7399893746414467
-.14995013877318644
1.2094002987266803
-.18221760730474013
2.015213097645573
-.7222740945583449
1.0848166886494792
-.22496203996248854
.2705828422327944
.5113455241255211
.5047669795093992
-.9792809659888589
-1.2143195846222115
.5627293206981585
-1.742360061445344
-.21495733667179484
.1743907335311936
.6936852083035916
-1.9379918051243148
-.4511258176608644
-1.672105683838213
-1.1725580931989497
-.9467422661688808
-.5031302710609072
-2.287126217407636
-2.058032647957513
-.34304161924940946
-.8710835000912017
-1.306761079563597
-2.8940033758795383
.43872411098586606
.16166482098707535
1.9211801828713844
-1.048695513303073
-1.3322707004365193
-.8661978261480159
-.8586186974469993
-.7818331060336248
.047049743312728154
-1.9121980463090664
-.6112953454187451
-1.3348595483863985
-.00474437451951959
-1.0433994024799271
-1.4649682548735856
-.05834763934839238
-.21714385283961446
-2.044759010987476
-1.061845730520994
-1.4674998073492724
-.6944487715427662
-1.0268201656684632
-1.4645322904938372
-1.5852911577679822
-.10025188062218415
.2677328727381367
-.9946489226186805
-.09507844301736973
-1.379157872085532
1.1184304615258251
-.7498595428529884
.2054563012035378
-1.094145506414056
-.32686367432220886
.9596457549604885
-1.0274221312091236
2.2582459361837577
1.3855482753099349
.5128221989276325
-.267308944519562
1.4323573013014625
.6002719028754777
-1.1004833312270328
.15134901665611533
-.06317891154058508
-2.003752564134828
-1.0089056472936546
-.06986761014834442
-.9088267137808141
.5760791202725628
-.6564141688072624
-.8469490341401549
-.19532219845137277
-.9172080204532344
-.6006382942918677
-1.2293898202714373
.6220325182082977
1.1715490352883742
-.07407600652696078
.08074440464262006
-.8124252770504795
1.0942636413549298
1.5331020788363823
1.104928049777339
-.14645570778560857
.24516107019999167
-.446150400619884
2.034667838449726
1.857351067707976
1.5802043273663695
2.50101513440913
-.16827080680623774
-.5906719437448658
2.074064995442408
.7300728391739595
1.7772896048451199
2.087045561615776
1.601485751143283
.011169536505987399
1.1433672516166216
2.091001050662071
2.7761393168164794
-.4745722056803997
.04992902726110765
-1.3201189290858169
-.2298267961231573
-.08048707620665246
-.45308410539110017
-2.316648365384449
-.4525982912834547
-.6720813230209064
.16300036972406334
-1.085931260782248
1.2549451079203988
.5390662919655929
.234507899737126
-.6279493391330648
.3613494991955691
.8339822613413239
.7709143313877937
.6000413199567244
.8425387679679514
1.0314084436909554
.149956909403133
.13409237473831026
-.265114274910887
-1.3042701685312839
.8217112548566068
-2.318280372908218
-1.11413471858141
-.6894997836226244
-.6497707962233656
-1.596155411268333
-1.281063829033299
-1.7418834651616342
-.9037092164056282
-1.1366622006489375
-2.580192578223219
-2.892601561998629
-.5090275507538439
1.7320486791129166
-2.6025659528744773
1.0158514597687687
1.6224073830002737
3.261317781445856
3.0376331028487713
.08694651520542918
3.057586172741938
2.018013154659015
2.828178577890001
1.3053314313068531
2.969449744262043
3.848294986741526
4.143699797574959
.7637387703308451
-.5836338802653429
.8757466236507083
-.11894105448169312
-2.193444354355927
-2.946182391264575
-.7161223196780304
.0477987639123052
-.01573714980265639
.9673279919014839
.11843042190169739
1.7540378101155654
-.6985307121568434
-1.29690538774724
-.5682167390985926
-.24808342634763697
1.4593033576173586
1.2380611626878686
2.2267768195737387
1.3365610849445886
2.7171744009168273
2.0289602712838772
4.177648912026328
.8322670236779843
3.107381023632975
.9860290447623117
3.127254727348366
2.596399539397072
1.8917135642549119
3.2033838062791076
2.2333701538202826
-1.7333700293127348
-2.185447044018863
-2.8629544683309813
-.7865016578154724
-2.6614975612461613
-.3162124848052347
-.6158884557023869
-.5607553635267408
-1.033302546442104
-.7388090271299659
-.2082462019887793
-.12120903090853968
1.2461161694426217
.6206843867688978
1.5364815444285096
.3274828448095509
-.6475093311608446
.216701833270448
.8288601224970127
2.258560275138449
.05110823450158597
.6133270866264808
-.7084413751444067
.9204687146941939
.5619248042585958
2.8099871558259544
1.3210611998738349
1.3783135311232402
1.6258724404378682
1.0395164811110562
2.839356324745977
1.2388790261696847
3.0862848217835577
1.6265536064787818
2.650933431164483
3.465227027898661
3.635052588556573
.6492388522420411
-1.0522334764288852
.15407332731957735
.08834305681732724
.7101673329380636
1.3627048856051642
-.40924866421102885
-1.2623576206215603
-.7829109598294419
1.274313728274058
-.04426891986787329
1.0464220784288922
-.16034813239780582
-1.2275785439118163
.28038352080115586
-1.5510084824955261
-.24346798108274945
-1.2845591932833489
-1.3477091360480034
-.11595210506439924
.5267659140439296
-.8669292388945112
.9952644137805665
-1.5450466916936922
-.6888216941679738
-1.9856521790081931
.2531367048958728
1.402710682574345
-.5994550614511414
-1.4075836998820475
-.2213686060656569
-.3102160870448087
-.4172305216992403
.72353924379024
.6339822928880645
-1.6314206618741305
-.5965102352258678
.9546637828302749
-3.2003496737056927
-1.0680673959741978
-1.9180912452437577
-1.7817127715929897
-.08403136440141612
-2.1840657771964724
-3.0378386940641144
-1.9671540859915277
-2.801814676271597
-1.0196898719918708
-2.375934680840139
-2.314988308052751
-.7626926852806626
-1.864716557243313
2.143561846567658
-.31500394757911454
-1.7488336721331361
.40113892838786724
-.2319305206145209
-.8925553642728826
.8586642124175956
-2.0729285059938602
-.06098432603636894
-2.0020415686026745
.5739644168028024
-1.6949035705834685
-.9216249442621611
.3988346664020943
.5626100084774701
.0259709093258369
-.9224898880531682
-.570724537711395
.3925120385453967
2.576248894822804
1.1310486803012165
.7751807965565614
-.13105427446517143
2.046943954183943
-.3612513517635391
1.2064248107012272
2.0204668245599415
1.4475078109554131
.8921249322084681
.6073244923490517
.21881115511928118
2.8252452801604724
.22125708085747442
-1.82907956738394
2.2320353815856415
1.6525855053532332
2.078329521723464
2.44228901645306
.7207082273700297
1.8495615541468586
-.6826183280740671
.832336366475543
-1.9712443252814627
.3950601926004165
.12956511061814058
1.45921152052621
-1.0828050997685283
-1.2158742413410204
1.410426863447864
-1.963194706786041
.24765723689760988
-1.9436959448199222
-1.9381652119417438
-.5914174411458228
-.7349384108703788
1.0796425156819942
-.7997245762023526
-.7883630946775619
1.990240831796672
-1.0309212281678295
-.956078060527692
-1.3246848736100785
-1.899406422172207
.10044091059423343
-1.8422520498291286
-2.4956478118416783
-1.9545299967291696
.4920731023790716
-.2742956245985016
-1.9972280041228383
-.48100354113459126
-1.4757730358358476
.265763803654309
-.7902592542611515
-.5798974115001891
-.431505003687967
-1.4976494066859112
-.4233297167066028
1.1515119123822137
.15337194498324652
-.5533827083673791
1.24277218233887
1.4230143946598524
1.478699285443651
.7667903162863672
.9879211988497053
-.08642589586377425
-1.134652580088695
.04998349328117113
1.9681624045163004
.32675093683373313
1.5836778851755482
-.6170170668056163
.8048475428683963
.054157369025033514
-.5006989819516585
-.1774846380405892
-.5492434061393952
.4789971232240535
.03739411991637118
-1.2379725912252149
-.407663399616473
.7722557566224239
2.0416423543312203
-3.057022191054101
-1.1692850544694888
-2.7253433291117974
-1.6207985711967519
-2.6041215932768713
.19881171278567167
-1.9016846863457506
-.5976694059582558
-1.6571992874425945
-.9222827930699912
-2.1986880297618994
-1.1312416842509323
-.9766395143697384
-1.621184392555341
-.6624267669371335
-1.497703276688902
-1.223317105239529
.27865760729831024
-.1339099524848668
.2996932225204315
1.2104796302059246
-.5949978912673567
-2.159787630629388
2.396529729296416
-.4613075751550634
.6882374390970861
-.5471166229293477
-.5977569345799605
1.465018540193083
.39240902546004175
1.0455081680103389
-1.4696452642444475
.26870798525488215
1.529894744788752
4.878368659328133
1.566322199591439
1.2274361691575497
.9739291271288545
.611615210807074
.8358950601721871
1.5972775389750669
-.7366634251540903
-.7752156222359133
-.7809749260005202
2.44150540287321
2.075136360716209
2.2911586186760196
.0581998890735107
.7466121367236184
1.5833428605589586
.16977573769604237
.601674006642591
-.2563137496858827
-1.9095298898804676
-.34393512465772924
.38716820497750526
-1.2589064984749077
.04439465525333375
-.669736226722925
-1.1507192269664754
-.9534748229790723
-1.2488089179556727
-2.9159737993836323
-2.074664000460345
-1.3326357174822014
.45441786870029954
.71135436680606
-.6790807922120818
-.10184687712381935
-1.7362903758587822
-1.252723706437757
-1.1962760213772552
-1.4500077961424434
-.6831452979460177
.6914269577892111
-3.5110751691824733
.1639378109470926
-2.4473484576622635
-.6786475862275602
-1.8938527258710853
-1.7873214232756252
-.667788047225555
-.13812082961977656
-.6357489521118416
-1.320564757181131
-.5868078288990943
-.1429406236392748
1.2218255038213166
2.0373025607792856
.7113359231243527
1.024793991709673
-.02877446423629393
.039116074029189596
1.7365064800971277
-.8854725237784461
.9307452470350478
.282720242322188
.7130113961197321
.5401022027187675
-.6081485794549275
.5776796343673427
3.293263409397403
1.0411981205128835
.10567076361515026
1.8424223158206199
1.6996454094870757
.8226587966079396
2.0271537585643546
1.2023162515432464
.4897302542292137
2.2017906303309216
-.08603988022451947
.9059878723764175
1.5291835356452912
.5631254346356143
-.6410467255916054
.921336637905587
.014790623723603402
.47056464858480357
.41249062191693603
2.1746169752976647
1.009658564730005
-.03876862552552329
1.241253553971036
.43489198169736304
-.9926537693221241
.5646933117939652
1.1868855888988368
.23362397497072115
-.39288738951858637
-1.5700187124890665
-.9921794462509005
.5164391318149221
-1.1070548654448493
.6586377197211124
-1.9928769473317152
-.9337050721620492
-1.816710620550271
.6078765009984859
-.7534121626445648
-.264144415341716
-.9701929983860971
-1.0813737169585107
-.2692570505077573
.7096037448342208
-1.803208268089521
-1.7058229882809237
.4409815001233125
-1.7496785742164043
-1.003329058445236
.2855980226353053
-.37743794399925334
-1.8210963848741855
.5055125405805756
1.0812023004559692
.46282853255422424
1.3957180847846153
-.0909900505056005
1.928520773674126
1.5192237850683605
1.6230560301722405
.7907940418628296
2.360655385629782
1.4677234783675868
2.0220377522759185
2.405980399002295
2.8581081920895683
2.17209933144912
1.946727770620664
2.015188018793064
1.7155050197296104
3.403814385647432
.5442801165127784
2.4943388371911324
3.9214637540149218
-2.7579515065483067
-1.644540001048361
-.785686744227532
-1.4573580506776502
-.13916984861007942
-.692840087596553
-1.2852920756730208
-.3483754383142672
.17081324921965124
-1.0917448758430264
-3.160499237819879
-1.3411912568867206
-.4658518275877478
.2687431156545328
-1.3904416227075396
.5054388391542025
-.344730774516679
1.7883281608384853
1.5912007858856256
.03705552448704874
2.120745219306932
1.2344852693519899
1.5874454755804768
.21321159075506846
1.1926362861914317
1.2712303554260538
1.6217866054914962
1.7372202742484326
-.7180658477602817
.7113883027948678
.3273586545352782
.3362854973126797
-.04215243526604459
1.4279195730846987
-1.4406575440528266
.8003457781670689
-.6932902683939421
.002601653667119841
-.6445910246491175
1.3765881185908126
-.9080905219927011
-.6391920142230814
-1.0179556979701883
.5621524092458539
1.126527535128744
.5972294346134608
-.798735390269306
-.6883345431497901
.35973897240483127
-1.825698884284674
-.6884115375248274
-.4042510211580821
-.03300877089002463
-.8599361452074912
-1.0974125573462654
-1.0665161160657193
-.4306227274468767
-1.5714261243604744
-1.0618783046608733
.6822832697245675
-2.7160150413153805
-.0014443469307741097
-1.6883083752529213
-1.8917542502986007
-1.701704513980597
-2.919901857570238
.9477788945388631
-.6281804035057303
-1.8303866088316796
-2.3603736076944335
-.9060259698579562
-1.0061138975154313
-1.162660881766525
-1.815981894039132
.31005432177292447
2.0814537081309554
1.6554523108275456
1.6199674528413257
-.02133340154392105
1.9258966874769115
-.16633002374682926
.3040320619326422
-.22553618603625836
1.392420124558784
-.8622457912492729
-1.5775932243470698
-.20803308743895377
.36940318725489507
-2.2026165425611057
-1.1647723948291648
-2.146659204486454
-1.9914457493165587
-1.571004673784109
-.17477818873304068
-.7176763013056293
-1.1959065263568105
-1.540472077720312
.4052155831972175
.9316589800609036
-.43920296230544853
-.7042883324211358
-.6139497401243604
1.7962512776483588
.4961924473071506
-.7759841257690092
-.4389544349183314
-2.236251231467927
-2.0886054127463907
-2.27371700807005
-2.0075373977547684
-1.9354498036255041
-1.8495911504960663
-.7215306587122997
-1.8224850789411184
.411607393694618
.19025269329793057
-1.0022974525640072
1.3868657046795791
.6082669900146942
1.5368740085446972
.9920760863155949
.43524405868121496
-1.740011488339499
-.43845896885566776
.5251501373139282
1.7637292148210026
-1.628539061873579
-.30427281892833474
.8664629421343448
-.061043217579599185
1.345427877263473
2.4173728119791784
1.168247507170468
.31074599152154936
1.6441685135983852
2.177670124790922
.0360133282368269
1.8608237523771074
2.276442135042284
1.507459588718707
.15698794680387762
-2.9363892827368483
-.796946666866718
-1.0846537907337586
-2.267408025181649
-1.798295513635217
.37622896062388944
-1.8851821100723178
-1.92487030233632
-.0454450342128182
-.8415129226589111
-2.324209367989903
-2.0840168842704108
-1.566871137682637
-.8739722327934834
-.8977861735530903
.48012850183334566
-.8791423111330251
.5964862090718377
-.09669237598959345
-.24420474039831636
-1.3239339229739129
-.9879464930366866
.8422132228841893
.019640110889710523
-.4833760602942066
-.7357847061960829
1.0239053371124054
-1.08410833133775
-.6346820688080511
.580735000103754
1.2647631668605697
-2.361671859341299
.29329251004622897
-.4963902753115131
2.1563062622098754
-.9632819357565884
.115721418701369
1.5710935282115475
1.786328329168332
.5404036689382974
.7966433176254881
-.2349961484246239
.208135444683159
-.19296560115266692
1.4506864479016064
-.9230652933197936
.002550013261326589
-.3523358687729572
.7648738184967317
.7088031271411652
3.4277396263571966
.26927821352853637
-2.253268570180836
-.471043459285312
.2821940825760382
-.5981173295554184
-1.4919244033559402
1.023175978930841
-.8765306034499352
-.31127546646763443
-.014832104649900368
-1.5429304488475044
-.228454495093816
-1.7127505104212113
-.11125042063449703
-.14226976345249942
1.2137548998640897
1.272213032300602
.6923870360901437
-1.2611629306088168
.905773384568767
.23113766187711987
.2655739368562611
.3635663856641448
-2.044429291708263
1.7770867555518988
.6708507998557209
-.7739983875616638
.5937381259026226
-.03407971099097812
-1.314629555473857
-2.2997249303248197
-1.452988144006498
